// [Gemini.Decompiler(v = 2.0, t = Gemini.Decompiler.Datasets.ItemRefineEffectInfoA4, s = 164, n = 106)]
1	Бонус посоха	3	0	0	300	300	4	0	0	301	301	4	0	0	302	302	0	0	0	0	0	0
2	Большая атака	1	303	303	0	0	2	0	0	0	0	0	0	0	0	0	0	0	0	0	0	0
3	Бонус атаки одноручного меча	1	304	304	0	0	2	0	0	0	0	0	0	0	0	0	0	0	0	0	0	0
4	Кинжальная атака	1	305	0	305	305	2	0	0	0	0	0	0	0	0	0	0	0	0	0	0	0
5	Атака огнестрельным оружием	1	306	0	306	0	3	307	0	307	0	1	0	0	0	0	0	0	0	0	0	0
6	Посох защиты	2	0	0	308	308	4	0	0	309	309	4	0	0	310	310	0	0	0	0	0	0
7	Атака посохом	1	0	0	311	311	4	0	0	312	312	4	0	0	313	313	0	0	0	0	0	0
8	Великая защита	2	317	317	0	0	2	0	0	0	0	0	0	0	0	0	0	0	0	0	0	0
9	Защита одноручного меча	2	318	318	0	0	2	0	0	0	0	0	0	0	0	0	0	0	0	0	0	0
10	Кинжальная защита	2	319	0	319	319	2	0	0	0	0	0	0	0	0	0	0	0	0	0	0	0
11	Огромный бонус	3	314	314	0	0	2	0	0	0	0	0	0	0	0	0	0	0	0	0	0	0
12	Бонус одноручного меча	3	315	315	0	0	2	0	0	0	0	0	0	0	0	0	0	0	0	0	0	0
13	Бонус к кинжалу	3	316	0	316	316	2	0	0	0	0	0	0	0	0	0	0	0	0	0	0	0
14	Огнестрельная защита	2	320	0	320	0	3	321	0	321	0	1	0	0	0	0	0	0	0	0	0	0
15	Бонус к огнестрельному оружию	3	322	0	322	0	3	323	0	323	0	1	0	0	0	0	0	0	0	0	0	0
16	Дополнительная защита посохом	2	0	0	300	300	4	0	0	301	301	4	0	0	310	310	0	0	0	0	0	0
17	Бонус посоха добавляет силу атаки	3	0	0	311	311	4	0	0	309	309	4	0	0	302	302	0	0	0	0	0	0
18	Добавленная защита к атаке посохом	1	0	0	308	308	4	0	0	312	312	4	0	0	313	313	0	0	0	0	0	0
19	Бонус парирования посохом	1	0	0	325	325	4	0	0	301	301	4	0	0	324	324	0	0	0	0	0	0
20	Большая бонусная добавленная защита	3	326	326	0	0	2	0	0	0	0	0	0	0	0	0	0	0	0	0	0	0
21	Великий бонус добавляет силу атаки	1	329	329	0	0	2	0	0	0	0	0	0	0	0	0	0	0	0	0	0	0
22	Добавленная защита к большой атаке	2	332	332	0	0	2	0	0	0	0	0	0	0	0	0	0	0	0	0	0	0
23	Бонус ловкого парирования	1	335	335	0	0	2	0	0	0	0	0	0	0	0	0	0	0	0	0	0	0
24	Дополнительная защита мечом	3	327	327	0	0	2	0	0	0	0	0	0	0	0	0	0	0	0	0	0	0
25	Бонус меча добавляет силу атаки	1	330	330	0	0	2	0	0	0	0	0	0	0	0	0	0	0	0	0	0	0
26	Добавленная защита к атаке мечом	2	333	333	0	0	2	0	0	0	0	0	0	0	0	0	0	0	0	0	0	0
27	Бонус парирования меча	1	336	336	0	0	2	0	0	0	0	0	0	0	0	0	0	0	0	0	0	0
28	Дополнительная защита кинжалом	3	328	0	328	328	2	0	0	0	0	0	0	0	0	0	0	0	0	0	0	0
29	Бонус к кинжалу добавляет силу атаки	1	331	0	331	331	2	0	0	0	0	0	0	0	0	0	0	0	0	0	0	0
30	Добавленная защита к атаке кинжалом	2	334	0	334	334	2	0	0	0	0	0	0	0	0	0	0	0	0	0	0	0
31	Доп. парирование кинжалом	1	337	0	337	337	2	0	0	0	0	0	0	0	0	0	0	0	0	0	0	0
32	Защита от огнестрельного оружия добавляет бонус	2	320	0	320	0	3	323	0	323	0	1	0	0	0	0	0	0	0	0	0	0
33	Бонус к огнестрельному оружию (атака)	3	322	0	322	0	3	307	0	307	0	1	0	0	0	0	0	0	0	0	0	0
34	Защита от огнестрельного оружия добавляет атаку	1	320	0	320	0	3	307	0	307	0	1	0	0	0	0	0	0	0	0	0	0
35	Бонус к защите от огнестрельного оружия	2	338	0	338	0	3	339	0	339	0	1	0	0	0	0	0	0	0	0	0	0
36	Атака из лука	1	340	0	340	0	0	341	0	341	0	4	341	0	341	0	5	0	0	0	0	0
37	Бонус к луку	3	342	0	342	0	0	343	0	343	0	4	343	0	343	0	5	0	0	0	0	0
38	Защита от лука	2	344	0	344	0	0	345	0	345	0	4	345	0	345	0	5	0	0	0	0	0
39	Защита от лука + Атака	1	347	0	347	0	0	341	0	341	0	4	341	0	341	0	5	0	0	0	0	0
40	Защита от лука + бонус	2	346	0	346	0	0	345	0	345	0	4	345	0	345	0	5	0	0	0	0	0
41	Атака луком + Бонус	3	348	0	348	0	0	341	0	341	0	4	341	0	341	0	5	0	0	0	0	0
42	Бонус парирования лука	3	349	0	349	0	0	345	0	345	0	4	341	0	341	0	5	0	0	0	0	0
43	Яд посоха	4	0	0	350	350	4	0	0	351	351	4	0	0	352	352	0	0	0	0	0	0
44	Яд оружия	4	354	0	354	0	1	353	0	353	0	0	0	0	0	0	0	0	0	0	0	0
45	Яд меча	4	365	365	0	0	2	0	0	0	0	0	0	0	0	0	0	0	0	0	0	0
46	Сильный яд	4	364	364	0	0	2	0	0	0	0	0	0	0	0	0	0	0	0	0	0	0
47	Яд клинка	4	366	0	366	366	2	0	0	0	0	0	0	0	0	0	0	0	0	0	0	0
48	Sword Poison Attack	4	356	356	0	0	2	0	0	0	0	0	0	0	0	0	0	0	0	0	0	0
49	Sword Poison Bonus	4	359	359	0	0	2	0	0	0	0	0	0	0	0	0	0	0	0	0	0	0
50	Sword Poison Resist	4	362	362	0	0	2	0	0	0	0	0	0	0	0	0	0	0	0	0	0	0
51	Great Poison Attack	4	355	355	0	0	2	0	0	0	0	0	0	0	0	0	0	0	0	0	0	0
52	Great Poison Bonus	4	358	358	0	0	2	0	0	0	0	0	0	0	0	0	0	0	0	0	0	0
53	Great Poison Resist	4	361	361	0	0	2	0	0	0	0	0	0	0	0	0	0	0	0	0	0	0
54	Dagger Poison Attack	4	357	0	357	357	2	0	0	0	0	0	0	0	0	0	0	0	0	0	0	0
55	Dagger Poison Bonus	4	360	0	360	360	2	0	0	0	0	0	0	0	0	0	0	0	0	0	0	0
56	Dagger Poison Resist	4	363	0	363	363	2	0	0	0	0	0	0	0	0	0	0	0	0	0	0	0
57	Staff Poison adds Defense	2	0	0	350	350	4	0	0	301	301	4	0	0	310	310	0	0	0	0	0	0
58	Staff Bonus adds Poison	3	0	0	350	350	4	0	0	309	309	4	0	0	302	302	0	0	0	0	0	0
59	Poisoned Staff Attack	1	0	0	350	350	4	0	0	312	312	4	0	0	313	313	0	0	0	0	0	0
60	Добавочный яд защиты от огнестрельного оружия	2	320	0	320	0	3	354	0	354	0	1	0	0	0	0	0	0	0	0	0	0
61	Gun Bonus adds Poison	3	322	0	322	0	3	354	0	354	0	1	0	0	0	0	0	0	0	0	0	0
62	Gun Poison Adds Attack	1	353	0	353	0	3	307	0	307	0	1	0	0	0	0	0	0	0	0	0	0
63	Sword Poison Resist	4	367	367	0	0	2	0	0	0	0	0	0	0	0	0	0	0	0	0	0	0
64	Sword Attack Bonus Poison	4	368	368	0	0	2	0	0	0	0	0	0	0	0	0	0	0	0	0	0	0
65	Sword Poison Bonus Defense	4	369	369	0	0	2	0	0	0	0	0	0	0	0	0	0	0	0	0	0	0
66	Greatsword Attack Poison Resist	4	370	370	0	0	2	0	0	0	0	0	0	0	0	0	0	0	0	0	0	0
67	Бонусный яд к атаке большого меча	4	371	371	0	0	2	0	0	0	0	0	0	0	0	0	0	0	0	0	0	0
68	Greatsword Poison Bonus Defense	4	372	372	0	0	2	0	0	0	0	0	0	0	0	0	0	0	0	0	0	0
69	Dagger Attack Poison Resist	4	373	0	373	373	2	0	0	0	0	0	0	0	0	0	0	0	0	0	0	0
70	Dagger Attack Bonus Poison	4	374	0	374	374	2	0	0	0	0	0	0	0	0	0	0	0	0	0	0	0
71	Dagger Poison Bonus Defense	4	375	0	375	375	2	0	0	0	0	0	0	0	0	0	0	0	0	0	0	0
72	Gun Attack Poison Resist	1	376	0	376	0	3	354	0	354	0	1	0	0	0	0	0	0	0	0	0	0
73	Gun Bonus Poison	1	377	0	377	0	3	354	0	354	0	1	0	0	0	0	0	0	0	0	0	0
74	Gun Poison Bonus Defense	3	338	0	338	0	3	354	0	354	0	1	0	0	0	0	0	0	0	0	0	0
75	Staff Attack Poison Resist	1	0	0	379	379	4	0	0	301	301	4	0	0	378	378	0	0	0	0	0	0
76	Staff Attack Bonus Poison	3	0	0	381	381	4	0	0	301	301	4	0	0	380	380	0	0	0	0	0	0
77	Staff Poison Resist Bonus	2	0	0	383	383	4	0	0	301	301	4	0	0	382	382	0	0	0	0	0	0
78	Axe Poison	4	384	384	0	0	4	392	392	0	0	0	0	0	0	0	0	0	0	0	0	0
79	Атака топором	1	385	385	0	0	4	394	394	0	0	0	0	0	0	0	0	0	0	0	0	0
80	Защита топора	2	386	386	0	0	4	393	393	0	0	0	0	0	0	0	0	0	0	0	0	0
81	Бонус к топору	3	387	387	0	0	4	394	394	0	0	0	0	0	0	0	0	0	0	0	0	0
82	Дополнительная защита топором	3	386	386	0	0	4	393	393	0	0	0	0	0	0	0	0	0	0	0	0	0
83	Бонус атаки топором	3	385	385	0	0	4	394	394	0	0	0	0	0	0	0	0	0	0	0	0	0
84	Парирование топора	1	386	386	0	0	4	393	393	0	0	0	0	0	0	0	0	0	0	0	0	0
85	Axe Poison Bonus	3	384	384	0	0	4	392	392	0	0	0	0	0	0	0	0	0	0	0	0	0
86	Axe Poison Attack	4	385	385	0	0	4	394	394	0	0	0	0	0	0	0	0	0	0	0	0	0
87	Axe Poison Resist	4	386	386	0	0	4	393	393	0	0	0	0	0	0	0	0	0	0	0	0	0
88	Бонус парирования топором	1	391	391	0	0	4	394	394	0	0	0	0	0	0	0	0	0	0	0	0	0
89	Axe Attack Poison Resist	2	389	389	0	0	4	393	393	0	0	0	0	0	0	0	0	0	0	0	0	0
90	Axe Attack Bonus Poison	3	388	388	0	0	4	394	394	0	0	0	0	0	0	0	0	0	0	0	0	0
91	Axe Poison Resist Bonus	4	390	390	0	0	4	394	394	0	0	0	0	0	0	0	0	0	0	0	0	0
92	Атака кривого кинжала	1	305	0	305	305	2	396	0	396	396	2	0	0	0	0	0	0	0	0	0	0
93	Защита кривым кинжалом	2	319	0	319	319	2	395	0	395	395	2	0	0	0	0	0	0	0	0	0	0
94	Бонус кривого кинжала	3	316	0	316	316	2	397	0	397	397	2	0	0	0	0	0	0	0	0	0	0
95	Crescent Dagger Poison	4	366	0	366	366	2	398	0	398	398	2	0	0	0	0	0	0	0	0	0	0
96	Бонус кривого кинжала добавляет защиту	3	328	0	328	328	2	395	0	395	395	2	0	0	0	0	0	0	0	0	0	0
97	Дополнительная атака кривого кинжала	1	331	0	331	331	2	396	0	396	396	2	0	0	0	0	0	0	0	0	0	0
98	Атака кривым кинжалом добавляет защиту	2	334	0	334	334	2	395	0	395	395	2	0	0	0	0	0	0	0	0	0	0
99	Ядовитая атака кривого кинжала	4	357	0	357	357	2	396	0	396	396	2	0	0	0	0	0	0	0	0	0	0
100	Crescent Dagger Poison Bonus	4	360	0	360	360	2	397	0	397	397	2	0	0	0	0	0	0	0	0	0	0
101	Dagger Poison Resist	4	363	0	363	363	2	395	0	395	395	2	0	0	0	0	0	0	0	0	0	0
102	Бонус парирования кривого кинжала	1	337	0	337	337	2	395	0	395	395	2	0	0	0	0	0	0	0	0	0	0
103	Dagger Attack Poison Resist	4	373	0	373	373	2	395	0	395	395	2	0	0	0	0	0	0	0	0	0	0
104	Crescent Dagger Attack Poison Bonus	4	374	0	374	374	2	396	0	396	396	2	0	0	0	0	0	0	0	0	0	0
105	Crescent Dagger Poison Bonus Defense	4	375	0	375	375	2	395	0	395	395	2	0	0	0	0	0	0	0	0	0	0
106	Эффект очищения	0	399	399	399	399	4	399	399	399	399	4	399	399	399	399	4	399	399	399	399	4
// [Gemini Decompiler] End of data.
