1	garner	Аскарон	1	2202,2782	3,2202,2782	255,255,255
2	magicsea	Магический Океан	1	1350,550	3,1350,550	255,255,255
3	darkblue	Великий Синий Океан	1	70,70	3,70,70	255,255,255
4	lonetower	Одинокая башня	0	50,50	3,50,50	255,255,255
5	eastgoaf	Восточный завал	1	50,50	3,50,50	255,255,255
6	secretgarden	Сад Эдель	0	50,50	3,50,50	255,255,255
7	darkswamp	Темная топь	0	50,50	3,50,50	255,255,255
8	abandonedcity	Забытый Город	0	50,50	3,50,50	255,255,255
9	abandonedcity2	Забытый Город 2	0	150,150	3,150,150	255,255,255
10	abandonedcity3	Забытый Город 3	0	150,150	3,150,150	255,255,255
11	puzzleworld	Мир Демонов	0	0,0	3,0,0	255,255,255
12	puzzleworld2	Мир Демонов 2	0	0,0	3,0,0	255,255,255
13	teampk	Арена	0	0,0	3,0,0	255,255,255
14	jialebi	Залив Сокровищ	1	150,150	3,150,150	255,255,255
15	garner2	Серебряный Хаос	1	150,150	3,150,150	255,255,255
16	hell	Чистилище	1	150,150	3,150,150	255,255,255
17	hell2	Утопить	1	150,150	3,150,150	255,255,255
18	hell3	Аид	1	150,150	3,150,150	255,255,255
19	hell4	Врата Отчаяния	1	150,150	3,150,150	255,255,255
20	hell5	Вечный Абаддон	1	150,150	3,150,150	255,255,255
21	guildwar	Священная война	1	150,150	3,150,150	255,255,255
22	leiting2	Мираж Громограда	1	150,150	3,150,150	255,255,255
23	shalan2	Мираж Шайтана	1	150,150	3,150,150	255,255,255
24	binglang2	Мираж Ледыни	1	150,150	3,150,150	255,255,255
25	guildwar2	Маленькая священная война	1	150,150	3,150,150	255,255,255
26	yschurch	Церковь	1	150,150	3,150,150	255,255,255
27	07xmas	Новогодняя деревня	1	150,150	3,150,150	255,255,255
28	sdBoss	Новогодняя Арена	1	150,150	3,150,150	255,255,255
29	07xmas2	Снежная война	1	150,150	3,150,150	255,255,255
30	prisonisland	Тюрьма	1	150,150	3,150,150	255,255,255
31	darkblue2	Хаос Ледыни	0	150,150	3,150,150	255,255,255
32	darkhouse	Дом тьмы	1	150,150	3,150,150	255,255,255
33	PKmap	Арена	1	50,50	3,50,50	255,255,255
34	winterland	Остров Зимы	1	202,171	3,202,171	255,255,255
35	mjing1	1-ый край Авроры	0	202,171	3,202,171	255,255,255
36	mjing2	2-ой край Авроры	0	202,171	3,202,171	255,255,255
37	greh	Грех	0	1350,550	3,1350,550	0,0,0
38	greh1	Утопь Греха	0	1350,550	3,1350,550	0,0,0
39	dreamisland	Утопь Греха	0	1350,550	3,1350,550	0,0,0
40	starena13	Специальная Арена 13	1	70,70	3,70,70	255,255,255
41	starena14	Специальная Арена 14	1	70,70	3,70,70	255,255,255
42	starena15	Специальная Арена 15	1	70,70	3,70,70	255,255,255
43	starena23	Специальная Арена 23	1	70,70	3,70,70	255,255,255
44	starena24	Специальная Арена 24	1	70,70	3,70,70	255,255,255
45	starena25	Специальная Арена 25	1	70,70	3,70,70	255,255,255
46	starena33	Специальная Арена 33	1	70,70	3,70,70	255,255,255
47	starena34	Специальная Арена 34	1	70,70	3,70,70	255,255,255
48	starena35	Специальная Арена 35	1	70,70	3,70,70	255,255,255
49	heilong	Сундук черного дракона	1	50,50	3,50,50	255,255,255