1	Горение	1	State_Rs_Tran	State_Rs_Add	State_Rs_Rem	1	0	1	1	1	1	1	1	1	1	1	1	1	1	0	0	0	-1	112	0	0	115	2	0	0	0	0	0	0	0
2	Исцеляющий источник	3	State_Hfwq_Tran	State_Hfwq_Add	State_Hfwq_Rem	1	0	1	1	1	1	1	1	1	1	1	1	1	1	0	0	0	-1	268	1	0	166	-1	0	0	0	0	0	0	0
3	Проклятый огонь	-1	State_Zzzh_Tran	State_Zzzh_Add	State_Zzzh_Rem	1	0	1	1	1	1	1	1	1	1	1	1	1	1	0	0	0	-1	0	0	0	158	-1	0	0	0	0	0	0	0
4	Отравлен	1	State_Zd_Tran	State_Zd_Add	State_Zd_Rem	1	0	1	1	1	1	1	1	1	1	1	1	1	1	0	0	0	-1	0	0	0	250	2	0	0	0	0	0	0	0
5	Контргард	-1	State_Sdbz_Tran	State_Sdbz_Add	State_Sdbz_Rem	1	0	1	1	1	1	1	1	1	1	1	1	1	1	0	0	0	-1	173	0	0	174	-1	0	0	0	0	0	0	0
6	Истинное зрение	-1	State_Syzy_Tran	0	0	1	0	1	1	1	1	1	1	1	1	1	0	1	1	0	0	0	-1	176	1	0	0	-1	0	0	0	0	0	0	0
7	Бездонное болото	-1	State_Synz_Tran	State_Synz_Add	State_Synz_Rem	1	0	1	1	1	1	1	1	1	1	1	1	1	1	0	0	0	-1	0	0	0	240	-1	0	0	0	0	0	0	0
8	Дух Тьмы	-1	0	State_Abhl_Add	State_Abhl_Rem	1	0	1	1	1	1	1	1	1	1	1	1	1	1	0	0	0	-1	0	0	0	306	1	0	0	0	0	0	0	0
9	Грозовая буря	2	State_Larea_Tran	State_Larea_Add	State_Larea_Rem	1	0	1	1	1	1	1	1	1	1	1	1	1	1	0	0	0	7	292	0	0	0	0	0	0	0	0	0	0	0
10	Туман	2	State_Warea_Tran	State_Warea_Add	State_Warea_Rem	1	0	1	1	1	1	1	1	1	1	1	1	1	1	0	0	0	8	293	0	0	0	0	0	0	0	0	0	0	0
11	Торнадо	2	State_Farea_Tran	State_Farea_Add	State_Farea_Rem	1	0	1	1	1	1	1	1	1	1	1	1	1	1	0	0	0	5	291	0	0	0	0	0	0	0	0	0	0	0
12	Вихрь	-1	State_Xw_Tran	State_Xw_Add	State_Xw_Rem	1	0	1	1	1	1	1	1	1	1	1	1	1	1	0	0	0	-1	280	1	0	0	0	0	0	0	0	0	0	0
13	Туман	-1	State_Mw_Tran	State_Mw_Add	State_Mw_Rem	1	0	1	1	1	1	1	1	1	1	1	1	1	1	0	0	0	-1	283	1	0	0	0	0	0	0	0	0	0	0
14	Грозовая завеса	2	State_Lm_Tran	State_Lm_Add	State_Lm_Rem	1	0	1	1	1	1	1	1	1	1	1	1	1	1	0	0	0	-1	290	1	0	0	0	0	0	0	0	0	0	0
15	Насмешка	-1	0	State_Chf_Add	State_Chf_Rem	4	0	1	1	1	1	1	1	1	1	1	1	1	1	0	0	0	-1	0	0	0	0	-1	0	0	0	0	0	0	0
16	Самоуничтожение водяной мины	1	0	State_Slzb_Add	State_Slzb_Rem	1	0	0	1	1	1	1	1	1	1	1	1	1	1	0	0	0	-1	0	0	0	302	-1	0	0	0	0	0	0	0
17	Бычье зелье	-1	0	State_PKMNYS_Add	State_PKMNYS_Rem	1	0	1	1	1	1	1	1	1	1	1	1	1	1	0	0	0	-1	0	0	0	0	-1	0	0	0	0	0	0	0
18	Прическа	-1	0	0	0	1	0	0	0	0	0	0	1	1	1	1	1	0	0	0	0	0	-1	0	0	0	0	0	0	0	0	0	0	0	0
19	Боевое зелье	-1	0	State_PKZDYS_Add	State_PKZDYS_Rem	1	0	1	1	1	1	1	1	1	1	1	1	1	1	0	0	0	-1	0	0	0	0	-1	0	0	0	0	0	0	0
20	Зелье берсерка	-1	0	State_PKKBYS_Add	State_PKKBYS_Rem	1	0	1	1	1	1	1	1	1	1	1	1	1	1	0	0	0	-1	0	0	0	0	-1	0	0	0	0	0	0	0
21	Владение щитом·	-1	0	State_Dpsl_Add	State_Dpsl_Rem	1	0	1	1	1	1	1	1	1	1	1	1	1	1	0	0	0	-1	0	0	0	0	0	0	0	0	0	0	0	0
22	Рык тигра	-1	0	State_Hx_Add	State_Hx_Rem	1	0	1	1	1	1	1	1	1	1	1	1	1	1	0	0	0	-1	0	0	0	295	-1	0	0	0	0	0	0	0
23	Мастер большого меча	-1	0	State_Jjsl_Add	State_Jjsl_Rem	1	0	1	1	1	1	1	1	1	1	1	1	1	1	0	0	0	-1	0	0	0	0	0	0	0	0	0	0	0	0
24	Берсерк	-1	0	State_Kb_Add	State_Kb_Rem	1	0	1	1	1	1	1	1	1	1	1	1	1	1	0	0	0	-1	0	0	0	118	1	0	0	0	0	0	0	0
25	Внезапная Смерть 2	-1	0	0	0	1	0	1	1	1	1	1	1	1	1	1	1	1	1	0	0	0	8	0	0	0	198	2	0	0	0	0	0	0	0
26	Запрет использования навыков	-1	0	0	0	1	0	1	0	1	1	1	1	1	1	1	1	1	1	0	0	0	-1	0	0	0	178	1	0	0	0	0	0	0	0
27	Смертельный удар	-1	0	0	0	1	0	1	1	1	1	1	1	1	1	1	1	1	1	0	0	0	-1	0	0	0	178	-1	0	0	0	0	0	0	0
28	Следопыт	-1	0	State_Clxz_Add	State_Clxz_Rem	1	0	1	1	1	1	1	1	1	1	1	1	1	1	0	0	0	-1	0	0	0	0	-1	0	0	0	0	0	0	0
29	Мощь бури	-1	0	State_Fzlz_Add	State_Fzlz_Rem	1	0	1	1	1	1	1	1	1	1	1	1	1	1	0	0	0	-1	0	0	0	207	1	0	0	0	0	0	0	0
30	Мастерство лучника	-1	0	State_Gjsl_Add	State_Gjsl_Rem	1	0	1	1	1	1	1	1	1	1	1	1	1	1	0	0	0	-1	0	0	0	0	-1	0	0	0	0	0	0	0
31	Отклонение	-1	0	State_Hys_Add	State_Hys_Rem	1	0	1	1	1	1	1	1	1	1	1	1	1	1	0	0	0	-1	0	0	0	0	-1	0	0	0	0	0	0	0
32	Дух Грома	-1	0	State_Lbhl_Add	State_Lbhl_Rem	1	0	1	1	1	1	1	1	1	1	1	1	1	1	0	0	0	-1	0	0	0	0	0	0	0	0	0	0	0	0
33	Воронка торнадо	-1	0	State_Jsfb_Add	State_Jsfb_Rem	1	0	1	1	1	1	1	1	1	1	1	1	1	1	0	0	0	-1	0	0	0	208	1	0	0	0	0	0	0	0
34	Грозовой удар	-1	0	State_Jfz_Add	State_Jfz_Rem	1	0	1	1	1	1	1	1	1	1	1	1	1	1	0	0	0	-1	0	0	0	0	-1	0	0	0	0	0	0	0
35	Исследование огнестрельного оружия	-1	0	State_Qxyj_Add	State_Qxyj_Rem	1	0	1	1	1	1	1	1	1	1	1	1	1	1	0	0	0	-1	0	0	0	0	-1	0	0	0	0	0	0	0
36	Звериная сила	-1	0	State_Shtz_Add	State_Shtz_Rem	1	0	1	1	1	1	1	1	1	1	1	1	1	1	0	0	0	-1	0	0	0	0	-1	0	0	0	0	0	0	0
37	Ангельский щит	-1	0	State_Tshd_Add	State_Tshd_Rem	1	0	1	1	1	1	1	1	1	1	1	1	1	1	0	0	0	-1	0	0	0	161	1	0	0	0	0	0	0	0
38	Ангельское благословение	-1	0	State_Tsqy_Add	State_Tsqy_Rem	1	0	1	1	1	1	1	1	1	1	1	1	1	1	0	0	0	-1	0	0	0	166	-1	0	0	0	0	0	0	0
39	Калечащий выстрел	-1	0	State_Tj_Add	State_Tj_Rem	1	0	1	1	1	1	1	1	1	1	1	1	1	1	0	0	0	-1	0	0	0	143	1	0	0	0	0	0	0	0
40	Призрачный огонь	-1	0	State_Xlzh_Add	State_Xlzh_Rem	1	0	1	1	1	1	1	1	1	1	1	1	1	1	0	0	0	-1	0	0	0	206	1	0	0	0	0	0	0	0
41	Энергозелье	-1	0	State_PKJSYS_Add	State_PKJSYS_Rem	1	0	1	1	1	1	1	1	1	1	1	1	1	1	0	0	0	-1	0	0	0	0	-1	0	0	0	0	0	0	0
42	Укрепляющее зелье	-1	0	State_PKSFYS_Add	State_PKSFYS_Rem	1	0	1	1	1	1	1	1	1	1	1	1	1	1	0	0	0	-1	0	0	0	0	-1	0	0	0	0	0	0	0
43	Утаивание	5	0	State_Ys_Add	0	1	1	1	1	1	1	1	1	1	1	0	1	1	1	0	0	0	-1	0	0	0	0	-1	0	0	0	0	0	0	0
44	Зелье точности	-1	0	State_PKJZYS_Add	State_PKJZYS_Rem	1	0	1	1	1	1	1	1	1	1	1	1	1	1	0	0	0	-1	0	0	0	0	-1	0	0	0	0	0	0	0
45	Затмение	-1	0	State_Xy_Add	State_Xy_Rem	2	0	0	0	0	0	0	1	1	1	1	1	1	0	0	0	0	-1	0	0	1	253	1	0	0	0	0	0	0	0
46	Оцепенение	-1	0	State_Mb_Add	State_Mb_Rem	1	0	1	1	1	1	1	1	1	1	1	1	1	1	0	0	0	-1	0	0	0	271	2	0	0	0	0	0	0	0
47	Зелье неуязвимости	-1	0	State_PKWd_Add	State_PKWd_Rem	1	0	1	1	1	1	1	0	0	0	1	1	1	1	0	0	0	-1	0	0	0	0	-1	0	0	0	0	0	0	0
48	Двойной опыт	-1	0	0	State_SBJYGZ_Rem	1	0	1	1	1	1	1	1	1	1	1	1	1	1	0	0	0	-1	0	0	0	0	-1	0	0	0	0	0	0	0
49	Удвоенная частота сброса	-1	0	0	0	1	0	1	1	1	1	1	1	1	1	1	1	1	1	0	0	0	-1	0	0	0	0	-1	0	0	0	0	0	0	0
50	Сильная магия	-1	0	0	0	1	0	1	1	1	1	1	1	1	1	1	1	1	1	0	0	0	-1	0	0	0	343	-1	0	0	0	0	0	0	0
51	Щит мороза	-1	0	State_Bshd_Add	State_Bshd_Rem	1	0	1	1	1	1	1	1	1	1	1	1	1	1	0	0	0	-1	0	0	0	135	-1	0	0	0	0	0	0	0
52	Дух возвращает Кровь	1	0	State_BHLHP_Add	0	1	0	1	1	1	1	1	1	1	1	1	1	1	1	0	0	0	-1	0	0	0	0	-1	0	0	0	0	0	0	0
53	Мастер огнестрельного оружия	-1	0	State_Hqsl_Add	State_Hqsl_Rem	1	0	1	1	1	1	1	1	1	1	1	1	1	1	0	0	0	-1	0	0	0	0	-1	0	0	0	0	0	0	0
54	Очищенный порох	-1	0	0	0	1	0	1	1	1	1	1	1	1	1	1	1	1	1	0	0	0	-1	0	0	0	0	-1	0	0	0	0	0	0	0
55	Слабость атаки	-1	0	0	0	1	0	1	1	1	1	1	1	1	1	1	1	1	1	0	0	0	-1	0	0	0	178	1	0	0	0	0	0	0	0
56	Благодать господня	-1	0	State_Sy_Add	State_Sy_Rem	1	0	1	1	1	1	1	1	1	1	1	1	1	1	0	0	0	-1	0	0	0	0	-1	0	0	0	0	0	0	0
57	Ангельское благословение	-1	0	0	0	1	0	1	1	1	1	1	1	1	1	1	1	1	1	0	0	0	-1	0	0	0	178	1	0	0	0	0	0	0	0
58	Благословение	-1	0	0	0	1	0	1	1	1	1	1	1	1	1	1	1	1	1	0	0	0	-1	0	0	0	178	1	0	0	0	0	0	0	0
59	Адские крылья	-1	0	0	0	1	0	1	1	1	1	1	1	1	1	1	1	1	1	0	0	0	-1	0	0	0	152	9	0	0	0	0	0	0	0
60	Священный луч	-1	0	0	0	1	0	1	1	1	1	1	1	1	1	1	1	1	1	0	0	0	-1	0	0	0	154	-1	0	0	0	0	0	0	0
61	Святая геральдика	-1	0	0	0	1	0	1	1	1	1	1	1	1	1	1	1	1	1	0	0	0	-1	0	0	0	163	-1	0	0	0	0	0	0	0
62	Луч удачи	-1	0	0	0	1	0	1	1	1	1	1	1	1	1	1	1	1	1	0	0	0	-1	0	0	0	169	-1	0	0	0	0	0	0	0
63	Оружейная пуста	-1	0	State_PKDYK_Add	State_PKDYK_Rem	3	0	1	1	1	1	1	1	1	1	1	1	1	1	0	0	0	-1	0	0	0	0	-1	0	0	0	0	0	0	0
64	Пакгауз пуст	-1	0	State_PKLC_Add	State_PKLC_Rem	3	0	1	1	1	1	1	1	1	1	1	1	1	1	0	0	0	-1	0	0	0	0	-1	0	0	0	0	0	0	0
65	Атака запрещена	-1	0	0	0	1	0	1	1	0	1	1	1	1	1	1	1	1	1	0	0	0	-1	0	0	0	180	1	0	0	0	0	0	0	0
66	Пересечение	-1	0	State_Clcy_Add	State_Clcy_Rem	1	0	1	1	1	1	1	1	1	1	1	1	1	1	0	0	0	-1	0	0	0	0	0	0	0	0	0	0	0	0
67	Снижение шансов урона	-1	0	0	0	1	0	1	1	1	1	1	1	1	1	1	1	1	1	0	0	0	-1	0	0	0	178	1	0	0	0	0	0	0	0
68	Ослабление	-1	0	State_Sj_Add	State_Sj_Rem	1	0	1	1	1	1	1	1	1	1	1	1	1	1	0	0	0	-1	0	0	0	259	1	0	0	0	0	0	0	0
69	Искусство владеть мечом	-1	0	State_Jssl_Add	State_Jssl_Rem	1	0	1	1	1	1	1	1	1	1	1	1	1	1	0	0	0	-1	0	0	0	0	0	0	0	0	0	0	0	0
70	Стальная воля	-1	0	State_Gtyz_Add	State_Gtyz_Rem	1	0	1	1	1	1	1	1	1	1	1	1	1	1	0	0	0	-1	0	0	0	301	1	0	0	0	0	0	0	0
71	Усиление	-1	0	State_Qhtz_Add	State_Qhtz_Rem	1	0	1	1	1	1	1	1	1	1	1	1	1	1	0	0	0	-1	0	0	0	0	0	0	0	0	0	0	0	0
72	Сноровка	-1	0	State_Lqhb_Add	State_Lqhb_Rem	1	0	1	1	1	1	1	1	1	1	1	1	1	1	0	0	0	-1	0	0	0	0	0	0	0	0	0	0	0	0
73	Сосредоточение щита	-1	0	State_Jdzz_Add	State_Jdzz_Rem	1	0	1	1	1	1	1	1	1	1	1	1	1	1	0	0	0	-1	0	0	0	0	0	0	0	0	0	0	0	0
74	Кровавый бык	-1	0	State_Mnrx_Add	State_Mnrx_Rem	1	0	1	1	1	1	1	1	1	1	1	1	1	1	0	0	0	-1	0	0	0	0	0	0	0	0	0	0	0	0
75	Отклонение	-1	0	State_Hys_Add	State_Hys_Rem	1	0	1	1	1	1	1	1	1	1	1	1	1	1	0	0	0	-1	0	0	0	0	0	0	0	0	0	0	0	0
76	Кровавое безумие	-1	0	State_Pxkg_Add	State_Pxkg_Rem	1	0	1	1	1	1	1	1	1	1	1	1	1	1	0	0	0	-1	0	0	0	0	0	0	0	0	0	0	0	0
77	Восстанавливать	-1	0	State_Tzhf_Add	State_Tzhf_Rem	1	0	1	1	1	1	1	1	1	1	1	1	1	1	0	0	0	-1	0	0	0	0	0	0	0	0	0	0	0	0
78	Путь ветра	-1	0	State_Jfb_Add	State_Jfb_Rem	1	0	1	1	1	1	1	1	1	1	1	1	1	1	0	0	0	-1	0	0	0	0	0	0	0	0	0	0	0	0
79	Глаз орла	-1	0	State_Yy_Add	State_Yy_Rem	1	0	1	1	1	1	1	1	1	1	1	1	1	1	0	0	0	-1	0	0	0	214	-1	0	0	0	0	0	0	0
80	Сила	-1	0	State_Jsjc_Add	State_Jsjc_Rem	1	0	1	1	1	1	1	1	1	1	1	1	1	1	0	0	0	-1	0	0	0	0	0	0	0	0	0	0	0	0
81	Ледяная стрела	-1	0	State_Bdj_Add	State_Bdj_Rem	1	0	1	1	1	1	1	1	1	1	1	1	1	1	0	0	0	-1	0	0	0	297	-1	0	0	0	0	0	0	0
82	Охотничий камуфляж	-1	0	State_Lrwz_Add	State_Lrwz_Rem	1	0	1	1	1	1	1	1	1	1	1	1	1	1	0	0	0	-1	0	0	0	0	0	0	0	0	0	0	0	0
83	Магический щит	-1	0	0	0	1	1	1	1	1	1	1	1	1	1	1	1	1	1	0	0	0	-1	0	0	0	211	-1	0	0	0	0	0	0	0
84	Бонус за оружие в обеих руках	-1	0	State_Fsz_Add	State_Fsz_Rem	1	0	1	1	1	1	1	1	1	1	1	1	1	1	0	0	0	-1	0	0	0	0	0	0	0	0	0	0	0	0
85	Торговый статус	-1	0	0	0	4	0	0	0	0	1	0	1	1	1	1	1	1	0	0	0	0	-1	0	0	0	0	0	0	0	0	0	0	0	0
86	Торнадо	-1	0	0	0	2	0	0	0	0	0	0	0	0	0	1	1	1	1	0	0	11	-1	0	0	1	274	-1	0	0	0	0	0	0	0
87	Переплетение водорослей	3	0	State_Hzcr_Add	State_Hzcr_Rem	2	0	0	0	1	1	1	1	1	1	1	1	1	1	0	0	0	-1	277	0	0	0	0	0	0	0	0	0	0	0
88	Попутный ветер	-1	0	State_Sf_Add	State_Sf_Rem	1	0	1	1	1	1	1	1	1	1	1	1	1	1	0	0	0	-1	0	0	0	287	-1	0	0	0	0	0	0	0
89	Бронелом	-1	0	State_Pj_Add	State_Pj_Rem	1	0	1	1	1	1	1	1	1	1	1	1	1	1	0	0	0	-1	0	0	0	306	1	0	0	0	0	0	0	0
90	Воодушевление	-1	0	State_Fnq_Add	State_Fnq_Rem	1	0	1	1	1	1	1	1	1	1	1	1	1	1	0	0	0	-1	0	0	0	302	-1	0	0	0	0	0	0	0
91	Дротик	2	State_Dj_Tran	State_Dj_Add	State_Dj_Rem	1	0	1	1	1	1	1	1	1	1	1	1	1	1	0	0	0	-1	0	0	0	250	1	0	0	0	0	0	0	0
92	Закалка	-1	0	State_Shpf_Add	State_Shpf_Rem	1	0	1	1	1	1	1	1	1	1	1	1	1	1	0	0	0	-1	0	0	0	301	1	0	0	0	0	0	0	0
93	Кровавая ярость	1	0	State_Xn_Add	State_Xn_Rem	1	0	1	1	1	1	1	1	1	1	1	1	1	1	0	0	0	-1	0	0	0	321	-1	0	0	0	0	0	0	0
94	Логово	-1	0	State_Nt_Add	State_Nt_Rem	1	0	1	0	0	1	1	1	1	1	1	1	1	1	0	0	0	-1	0	0	0	324	-1	0	0	0	0	0	0	0
95	Землетрясение	-1	State_DiZ_Tran	State_DiZ_Add	State_DiZ_Rem	1	0	1	1	1	1	1	1	1	1	1	1	1	1	0	0	0	-1	0	0	0	253	1	0	0	0	0	0	0	0
96	Поцелуй мороза	-1	0	State_Biw_Add	State_Biw_Rem	2	0	0	0	0	0	0	0	0	0	1	1	1	1	0	0	0	-1	0	0	0	329	2	0	0	0	0	0	0	0
97	Корабельный лес	3	0	State_MCK_Add	State_MCK_Rem	1	0	1	1	1	1	1	1	1	1	1	1	1	1	0	0	0	-1	0	0	0	0	-1	0	0	0	0	0	0	0
98	Крик смерти	-1	0	State_Swcx_Add	State_Swcx_Rem	2	0	0	0	0	0	0	1	1	1	1	1	1	1	0	0	0	-1	0	0	1	319	-1	0	0	0	0	0	0	0
99	Поставить ларек	-1	0	0	0	4	1	0	0	0	0	0	1	0	1	1	1	1	0	0	0	0	-1	0	0	0	0	-1	0	0	0	0	0	0	0
100	Ремонт	-1	0	0	0	4	1	0	0	0	0	0	1	0	1	1	1	1	0	0	0	0	-1	0	0	0	0	-1	0	0	0	0	0	0	0
101	Ковка	-1	0	0	0	4	1	0	0	0	0	0	1	0	1	1	1	1	0	0	0	0	-1	0	0	0	0	-1	0	0	0	0	0	0	0
102	Изменение силы яда	-1	0	State_YSLLQH_Add	State_YSLLQH_Rem	1	0	1	1	1	1	1	1	1	1	1	1	1	1	0	0	0	-1	0	0	0	0	-1	0	0	0	0	0	0	0
103	Зелье изменения ловкости	-1	0	State_YSMJQH_Add	State_YSMJQH_Rem	1	0	1	1	1	1	1	1	1	1	1	1	1	1	0	0	0	-1	0	0	0	0	-1	0	0	0	0	0	0	0
104	Зелье изменения точности	-1	0	State_YSLQQH_Add	State_YSLQQH_Rem	1	0	1	1	1	1	1	1	1	1	1	1	1	1	0	0	0	-1	0	0	0	0	-1	0	0	0	0	0	0	0
105	Зелье изменения телосложения	-1	0	State_YSTZQH_Add	State_YSTZQH_Rem	1	0	1	1	1	1	1	1	1	1	1	1	1	1	0	0	0	-1	0	0	0	0	-1	0	0	0	0	0	0	0
106	Зелье изменения духа	-1	0	State_YSJSQH_Add	State_YSJSQH_Rem	1	0	1	1	1	1	1	1	1	1	1	1	1	1	0	0	0	-1	0	0	0	0	-1	0	0	0	0	0	0	0
107	Шанс успешной ковки повышен	-1	0	0	0	1	0	1	1	1	1	1	1	1	1	1	1	1	1	0	0	0	-1	0	0	0	0	-1	0	0	0	0	0	0	0
108	Повышает успех комбинирования	-1	0	0	0	1	0	1	1	1	1	1	1	1	1	1	1	1	1	0	0	0	-1	0	0	0	0	-1	0	0	0	0	0	0	0
109	Светильник	-1	0	State_DengLong_Add	State_DengLong_Rem	1	0	1	1	1	1	1	1	1	1	1	1	1	1	0	0	0	-1	0	0	0	360	1	0	0	0	0	0	0	0
110	Роза	-1	0	0	0	1	0	1	1	1	1	1	1	1	1	1	1	1	1	0	0	0	-1	0	0	0	504	25	0	0	0	0	0	0	0
111	Зелья для восстановления ЗД	3	0	0	0	1	0	1	1	1	1	1	1	1	1	1	1	1	1	0	0	0	-1	0	0	0	0	-1	0	0	0	0	0	0	0
112	Вино 1	-1	0	0	0	1	0	1	1	1	1	1	1	1	1	1	1	1	1	0	0	0	-1	0	0	0	0	-1	0	0	0	0	0	0	0
113	Вино 2	-1	0	0	0	1	0	1	1	1	1	1	1	1	1	1	1	1	1	0	0	0	-1	0	0	0	0	-1	0	0	0	0	0	0	0
114	Трупный яд	3	0	State_JSDD_Add	State_JSDD_Rem	1	0	1	1	1	1	1	1	1	1	1	1	1	1	0	0	0	-1	0	0	0	250	1	0	0	0	0	0	0	0
115	Восхищать	-1	0	State_HYMH_Add	State_HYMH_Rem	3	0	0	0	0	0	0	1	1	1	1	1	1	1	0	0	0	-1	0	0	0	807	1	0	0	0	0	0	0	0
116	Ужас черного дракона	-1	0	State_HLKJ_Add	State_HLKJ_Rem	1	0	0	0	0	0	0	1	1	1	1	1	1	1	0	0	0	-1	0	0	0	319	-1	0	0	0	0	0	0	0
117	Рык Черного дракона	-1	0	State_HLLM_Add	State_HLLM_Rem	1	0	1	1	1	1	1	1	1	1	1	1	1	1	0	0	0	-1	0	0	0	158	-1	0	0	0	0	0	0	0
118	Крабовая оплетка	-1	0	State_CRXSF_Add	State_CRXSF_Rem	3	0	0	0	0	1	1	1	1	1	1	1	1	1	0	0	0	-1	0	0	0	378	-1	0	0	0	0	0	0	0
119	Развитие феи	-1	0	State_MarchElf_Add	State_MarchElf_Rem	1	0	1	1	1	1	1	1	1	1	1	1	1	1	0	0	0	-1	0	0	0	505	-1	0	0	0	0	0	0	0
120	Зелье изменения скорости	-1	0	State_YSMspd_Add	State_YSMspd_Rem	1	0	1	1	1	1	1	1	1	1	1	1	1	1	0	0	0	-1	0	0	0	0	-1	0	0	0	0	0	0	0
121	Зелье изменения скорости корабля	-1	0	State_YSBoatMspd_Add	State_YSBoatMspd_Rem	1	0	1	1	1	1	1	1	1	1	1	1	1	1	0	0	0	-1	0	0	0	0	-1	0	0	0	0	0	0	0
122	Зелье изменения защиты корабля	-1	0	State_YSBoatDEF_Add	State_YSBoatDEF_Rem	1	0	1	1	1	1	1	1	1	1	1	1	1	1	0	0	0	-1	0	0	0	0	-1	0	0	0	0	0	0	0
123	Статус в Веснограде	-1	0	0	0	4	0	1	1	1	1	1	1	1	1	1	1	1	1	0	0	0	-1	0	0	0	0	-1	0	0	0	0	0	0	0
124	Небесный клевер	-1	0	State_PKSBYS_Add	State_PKSBYS_Rem	1	0	1	1	1	1	1	1	1	1	1	1	1	1	0	0	0	-1	0	0	0	0	-1	0	0	0	0	0	0	0
125	Рык Черного дракона	-1	0	State_BlackHx_Add	State_BlackHx_Rem	1	0	1	1	1	1	1	1	1	1	1	1	1	1	0	0	0	-1	0	0	0	894	-1	0	0	0	0	0	0	0
126	Черный дракон Молния	-1	0	State_BlackLj_Add	State_BlackLj_Rem	1	0	0	0	0	0	1	1	1	1	1	1	1	1	0	0	0	-1	0	0	0	887	-1	0	0	0	0	0	0	0
127	Опыт отряда	-1	0	0	0	1	0	1	1	1	1	1	1	1	1	1	1	1	1	0	0	0	-1	0	0	0	0	-1	0	0	0	0	0	0	0
128	Боевой строй	-1	0	State_KUANGZ_Add	State_KUANGZ_Rem	1	0	1	1	1	1	1	1	1	1	1	1	1	1	0	0	0	-1	0	0	0	0	-1	0	0	0	0	0	0	0
129	Полный доспех	-1	0	State_QUANS_Add	State_QUANS_Rem	1	0	1	1	1	1	1	1	1	1	1	1	1	1	0	0	0	-1	0	0	0	0	-1	0	0	0	0	0	0	0
130	Зелье легкости	-1	0	State_QINGZ_Add	State_QINGZ_Rem	1	0	1	1	1	1	1	1	1	1	1	1	1	1	0	0	0	-1	0	0	0	0	-1	0	0	0	0	0	0	0
131	Ядовитый зуб феи	1	0	State_JLDS_Add	State_JLDS_Rem	1	0	1	1	1	1	1	1	1	1	1	1	1	1	0	0	0	-1	0	0	0	250	1	0	0	0	0	0	0	0
132	Владение Феей А	-1	0	State_JLFT_Add	State_JLFT_Rem	1	0	1	1	1	1	1	1	1	1	1	1	1	1	0	0	0	-1	0	0	0	527	-1	0	0	0	0	0	0	0
133	Суперледенец	-1	0	State_CJBBT_Add	State_CJBBT_Rem	1	0	1	1	1	1	1	1	1	1	1	1	1	1	0	0	0	-1	0	0	0	0	-1	0	0	0	0	0	0	0
134	Огромная шоколадка	-1	0	State_JRQKL_Add	State_JRQKL_Rem	1	0	1	1	1	1	1	1	1	1	1	1	1	1	0	0	0	-1	0	0	0	0	-1	0	0	0	0	0	0	0
135	Мертвая душа Зажигательная пуля	1	0	State_wlrsd_Add	State_wlrsd_Rem	1	0	1	1	1	1	1	1	1	1	1	1	1	1	0	0	0	-1	0	0	0	0	-1	0	0	0	0	0	0	0
136	Ускорение Мертвой души	-1	0	State_wljs_Add	State_wljs_Rem	1	0	1	1	1	0	1	1	1	1	1	1	1	1	0	0	0	-1	0	0	0	922	-1	0	0	0	0	0	0	0
137	Вихрь Мертвой души	-1	State_wlxw_Tran	State_wlxw_Add	State_wlxw_Rem	1	0	1	1	1	0	1	1	1	1	1	1	1	1	0	0	0	-1	280	1	0	0	0	0	0	0	0	0	0	0
138	Отягощенный скелет	3	0	State_klcs_Add	State_klcs_Rem	1	0	0	1	1	0	1	1	1	1	1	1	1	1	0	0	0	-1	0	0	0	921	-1	0	0	0	0	0	0	0
139	Скелетная защита	-1	0	State_klhd_Add	State_klhd_Rem	1	0	1	1	1	1	1	1	1	1	1	1	1	1	0	0	0	-1	0	0	0	912	-1	0	0	0	0	0	0	0
140	Насмешка мертвых душ	-1	0	State_wlcx_Add	State_wlcx_Rem	1	0	1	1	1	0	1	1	1	1	1	1	1	1	0	0	0	-1	0	0	0	926	-1	0	0	0	0	0	0	0
141	Проклятая кровь	1	0	State_wlcx_Add	State_wlcx_Rem	1	0	1	1	1	0	1	1	1	1	1	1	1	1	0	0	0	-1	0	0	0	920	1	0	0	0	0	0	0	0
142	Отравленный дротик мертвых душ	1	0	State_wldb_Add	State_wldb_Rem	1	0	1	1	1	0	1	1	1	1	1	1	1	1	0	0	0	-1	0	0	0	920	1	0	0	0	0	0	0	0
143	Ракета Мертвой души	-1	0	State_wljy_Add	State_wljy_Rem	1	0	0	0	0	0	0	1	1	1	1	1	1	1	0	0	0	-1	0	0	0	253	1	0	0	0	0	0	0	0
144	Вихрь	-1	State_Xw_Tran	State_Xw_Add	State_Xw_Rem	1	0	1	1	1	1	1	1	1	1	1	1	1	1	0	0	0	-1	280	1	0	0	0	0	0	0	0	0	0	0
145	Атака Облака	1	State_ywgj_Tran	State_ywgj_Add	State_ywgj_Rem	1	0	1	1	1	0	1	1	1	1	1	1	1	1	0	0	0	-1	293	0	0	0	-1	0	0	0	0	0	0	0
146	Стенания мертвой души	-1	0	State_wlnh_Add	State_wlnh_Rem	1	0	1	1	1	1	1	1	1	1	1	1	1	1	0	0	0	-1	0	0	0	0	-1	0	0	0	0	0	0	0
147	Удваивает уровень роста феи	-1	0	0	0	1	0	1	1	1	1	1	1	1	1	1	1	1	1	0	0	0	-1	0	0	0	0	-1	0	0	0	0	0	0	0
148	Навык - Вонючка	-1	0	State_jltx1_Add	State_jltx1_Rem	1	0	1	1	1	1	1	1	1	1	1	1	1	1	0	0	0	-1	0	0	0	830	1	0	0	0	0	0	0	0
149	Навык - Белье	-1	0	State_jltx2_Add	State_jltx2_Rem	1	0	1	1	1	1	1	1	1	1	1	1	1	1	0	0	0	-1	0	0	0	831	1	0	0	0	0	0	0	0
150	Навык - Лифчик	-1	0	State_jltx3_Add	State_jltx3_Rem	1	0	1	1	1	1	1	1	1	1	1	1	1	1	0	0	0	-1	0	0	0	832	1	0	0	0	0	0	0	0
151	Навык - Монетный дождь	-1	0	State_jltx4_Add	State_jltx4_Rem	1	0	1	1	1	1	1	1	1	1	1	1	1	1	0	0	0	-1	0	0	0	833	1	0	0	0	0	0	0	0
152	Навык - Дурак	-1	0	State_jltx5_Add	State_jltx5_Rem	1	0	1	1	1	1	1	1	1	1	1	1	1	1	0	0	0	-1	0	0	0	834	1	0	0	0	0	0	0	0
153	Навык - Высокомерный	-1	0	State_jltx6_Add	State_jltx6_Rem	1	0	1	1	1	1	1	1	1	1	1	1	1	1	0	0	0	-1	0	0	0	835	1	0	0	0	0	0	0	0
154	Навык - Тупица	-1	0	State_jltx7_Add	State_jltx7_Rem	1	0	1	1	1	1	1	1	1	1	1	1	1	1	0	0	0	-1	0	0	0	836	1	0	0	0	0	0	0	0
155	Навык - Глупый	-1	0	State_jltx8_Add	State_jltx8_Rem	1	0	1	1	1	1	1	1	1	1	1	1	1	1	0	0	0	-1	0	0	0	837	1	0	0	0	0	0	0	0
156	Сердце Невинности	-1	0	State_CZZX_Add	State_CZZX_Rem	1	0	1	1	1	1	1	1	1	1	1	1	1	1	0	0	0	-1	0	0	0	0	-1	0	0	0	0	0	0	0
157	Победа богини Кары	-1	0	State_KALA_Add	State_KALA_Rem	1	0	1	1	1	1	1	1	1	1	1	1	1	1	0	0	0	-1	0	0	0	0	-1	0	0	0	0	0	0	0
158	Как пить дать	2	0	State_5MBS_Add	State_5MBS_Rem	1	0	1	1	1	0	1	1	1	1	1	1	1	1	0	0	0	-1	0	0	0	0	-1	0	0	0	0	0	0	0
159	Фотобомба	-1	0	State_ShanGD_Add	State_ShanGD_Rem	1	0	0	0	0	0	0	1	1	1	1	1	1	1	0	0	0	-1	0	0	0	253	1	0	0	0	0	0	0	0
160	Излучатель	1	State_FuShe_Tran	State_FuShe_Add	State_FuShe_Rem	1	0	1	1	1	0	1	1	1	1	1	1	1	1	0	0	0	-1	0	0	0	920	1	0	0	0	0	0	0	0
161	Распылитель кораблей	-1	0	State_PengSheQi_Add	State_PengSheQi_Rem	1	0	1	1	1	0	1	1	1	1	1	1	1	1	0	0	0	-1	0	0	0	222	-1	0	0	0	0	0	0	0
162	Таран	-1	0	State_PoRenDan_Add	State_PoRenDan_Rem	1	0	1	1	1	1	1	1	1	1	1	1	1	1	0	0	0	-1	0	0	0	306	-1	0	0	0	0	0	0	0
163	Корабельный огнемет	1	0	State_RanShaoDan_Add	State_RanShaoDan_Rem	1	0	1	1	1	1	1	1	1	1	1	1	1	1	0	0	0	-1	0	0	0	0	-1	0	0	0	0	0	0	0
164	Ускорение корабля	-1	0	State_czjs_Add	State_czjs_Rem	1	0	1	1	1	0	1	1	1	1	1	1	1	1	0	0	0	-1	0	0	0	922	-1	0	0	0	0	0	0	0
165	Максимальная ЖЗ, физическая сопротивляемость	-1	0	State_XUEYU_Add	State_XUEYU_Rem	1	0	1	1	1	1	1	1	1	1	1	1	1	1	0	0	0	-1	0	0	0	0	-1	0	0	0	0	0	0	0
166	Тип атаки	-1	0	State_MANTOU_Add	State_MANTOU_Rem	1	0	1	1	1	1	1	1	1	1	1	1	1	1	0	0	0	-1	0	0	0	0	-1	0	0	0	0	0	0	0
167	Спиртное – "Вино девы"	-1	0	State_NVER_Add	State_NVER_Rem	1	0	1	1	1	1	1	1	1	1	1	1	1	1	0	0	0	-1	0	0	0	0	-1	0	0	0	0	0	0	0
168	Владение Феей В	-1	0	State_JLFT_Add	State_JLFT_Rem	1	0	1	1	1	1	1	1	1	1	1	1	1	1	0	0	0	-1	0	0	0	528	-1	0	0	0	0	0	0	0
169	Владение Феей C	-1	0	State_JLFT_Add	State_JLFT_Rem	1	0	1	1	1	1	1	1	1	1	1	1	1	1	0	0	0	-1	0	0	0	529	-1	0	0	0	0	0	0	0
170	Владение Феей D	-1	0	State_JLFT_Add	State_JLFT_Rem	1	0	1	1	1	1	1	1	1	1	1	1	1	1	0	0	0	-1	0	0	0	530	-1	0	0	0	0	0	0	0
171	Владение Феей E	-1	0	State_JLFT_Add	State_JLFT_Rem	1	0	1	1	1	1	1	1	1	1	1	1	1	1	0	0	0	-1	0	0	0	531	-1	0	0	0	0	0	0	0
172	Владение Феей F	-1	0	State_JLFT_Add	State_JLFT_Rem	1	0	1	1	1	1	1	1	1	1	1	1	1	1	0	0	0	-1	0	0	0	532	-1	0	0	0	0	0	0	0
173	Владение Феей G	-1	0	State_JLFT_Add	State_JLFT_Rem	1	0	1	1	1	1	1	1	1	1	1	1	1	1	0	0	0	-1	0	0	0	533	-1	0	0	0	0	0	0	0
174	Владение Феей H	-1	0	State_JLFT_Add	State_JLFT_Rem	1	0	1	1	1	1	1	1	1	1	1	1	1	1	0	0	0	-1	0	0	0	534	-1	0	0	0	0	0	0	0
175	Дух принимает Яд	1	0	State_BHLZD_Add	0	1	0	1	1	1	1	1	1	1	1	1	1	1	1	0	0	0	8	0	0	0	198	2	0	0	0	0	0	0	0
176	Трупное ядро	-1	0	State_FuShiZhiQiu_Add	State_FuShiZhiQiu_Rem	1	0	1	1	1	1	1	1	1	1	1	1	1	1	0	0	0	-1	0	0	0	306	1	0	0	0	0	0	0	0
177	Шумогенератор	1	State_ZaoYinZhiZao_Tran	State_ZaoYinZhiZao_Add	State_ZaoYinZhiZao_Rem	1	0	1	1	1	1	1	1	1	1	1	1	1	1	0	0	0	-1	0	1	0	920	1	0	0	0	0	0	0	0
178	Генератор землетрясений	-1	State_DiZhenFaSheng_Tran	State_DiZhenFaSheng_Add	State_DiZhenFaSheng_Rem	1	0	1	1	1	1	1	1	1	1	1	1	1	1	0	0	0	-1	326	1	0	253	1	0	0	0	0	0	0	0
179	Цепная пуля	-1	0	State_LianDan_Add	State_LianDan_Rem	1	0	1	1	1	1	1	1	1	1	1	1	1	1	0	0	0	-1	0	0	0	271	-1	0	0	0	0	0	0	0
180	Генератор миража	-1	0	State_HuanYinFaSheng_Add	State_HuanYinFaSheng_Rem	1	0	1	1	1	1	1	0	0	0	1	1	1	1	0	0	0	-1	0	0	0	912	-1	0	0	0	0	0	0	0
181	Скрытный корабль	-1	0	State_ChuanZhiQianXing_Add	State_ChuanZhiQianXing_Rem	1	0	1	1	1	0	1	1	1	1	0	1	1	1	0	0	0	-1	0	0	0	0	-1	0	0	0	0	0	0	0
182	Радар	-1	State_LeiDa_Tran	State_LeiDa_Add	State_LeiDa_Rem	1	0	1	1	1	1	1	1	1	1	1	0	1	1	0	0	0	-1	176	1	0	0	-1	0	0	0	0	0	0	0
183	Трупная пуля	1	0	State_FuShiDan_Add	State_FuShiDan_Rem	1	0	1	1	1	1	1	1	1	1	1	1	1	1	0	0	0	-1	0	0	0	250	-1	0	0	0	0	0	0	0
184	Водяная мина горит	1	State_Slrs_Tran	State_Slrs_Add	State_Slrs_Rem	1	0	1	1	1	1	1	1	1	1	1	1	1	1	0	0	0	-1	0	0	0	115	2	0	0	0	0	0	0	0
185	Пылающая овечка	1	State_Myrs_Tran	State_Myrs_Add	State_Myrs_Rem	1	0	1	1	1	1	1	1	1	1	1	1	1	1	0	0	0	-1	0	0	0	115	2	0	0	0	0	0	0	0
186	Замедление	-1	0	State_JST_Add	State_JST_Rem	1	0	1	1	1	1	1	1	1	1	1	1	1	1	0	0	0	-1	0	0	0	297	-1	0	0	0	0	0	0	0
187	Исцеляющий источник	1	0	State_HFZQ_Add	State_HFZQ_Rem	1	0	1	1	1	1	1	1	1	1	1	1	1	1	0	0	0	-1	0	0	0	166	-1	0	0	0	0	0	0	0
188	Дьявольское проклятие	1	0	State_EmoYuYan_Add	State_EmoYuYan_Rem	1	0	1	1	1	0	1	1	1	1	1	1	1	1	0	0	0	-1	0	0	0	936	-1	0	0	0	0	0	0	0
189	Сверхсознание	3	State_XYSYF_Tran	State_XYSYF_Add	State_XYSYF_Rem	1	0	1	1	1	1	1	1	1	1	1	1	1	1	0	0	0	-1	937	1	0	131	-1	0	0	0	0	0	0	0
190	Склад боеприпасов уничтожен	-1	0	State_JHKML_Add	State_JHKML_Rem	3	0	1	1	1	1	1	1	1	1	1	1	1	1	0	0	0	-1	0	0	0	0	-1	0	0	0	0	0	0	0
191	Кольцо холода	-1	0	State_BDH_Add	State_BDH_Rem	1	0	1	1	1	1	1	1	1	1	1	1	1	1	0	0	0	-1	0	0	0	943	-1	0	0	0	0	0	0	0
192	Дух Света	-1	0	State_Gbhl_Add	State_Gbhl_Rem	1	0	1	1	1	1	1	1	1	1	1	1	1	1	0	0	0	-1	0	0	0	161	0	0	0	0	0	0	0	0
193	Оцепеневший Дух	-1	0	State_BHLXY_Add	0	2	0	0	0	0	0	0	1	1	1	1	1	1	0	0	0	0	-1	0	0	1	253	1	0	0	0	0	0	0	0
194	Яичная клецка	-1	0	State_DHZ_Add	State_DHZ_Rem	1	0	1	1	1	1	1	1	1	1	1	1	1	1	0	0	0	-1	0	0	0	0	1	0	0	0	0	0	0	0
195	Клецка из бобовой пасты	-1	0	State_DSZ_Add	State_DSZ_Rem	1	0	1	1	1	1	1	1	1	1	1	1	1	1	0	0	0	-1	0	0	0	0	-1	0	0	0	0	0	0	0
196	Удвоенный опыт при обучении	-1	0	0	0	1	0	1	1	1	1	1	1	1	1	1	1	1	1	0	0	0	-1	0	0	0	0	-1	0	0	0	0	0	0	0
197	Я люблю своего отца	-1	0	State_Ilovedad_Add	State_Ilovedad_Rem	1	0	1	1	1	1	1	1	1	1	1	1	1	1	0	0	0	-1	0	0	0	552	-1	0	0	0	0	0	0	0
198	Медленно восстанавливает ЖЗ	1	0	STATE_HPHMHF_Add	STATE_HPHMHF_Rem	1	0	1	1	1	1	1	1	1	1	1	1	1	1	0	0	0	-1	0	0	0	0	-1	0	0	0	0	0	0	0
199	Медленно восстанавливает МН	1	0	STATE_SPHMHF_Add	STATE_SPHMHF_Rem	1	0	1	1	1	1	1	1	1	1	1	1	1	1	0	0	0	-1	0	0	0	0	-1	0	0	0	0	0	0	0
200	Кольцр Быка 85BB	-1	0	State_BBRING1_Add	State_BBRING1_Rem	3	0	1	1	1	1	1	1	1	1	1	1	1	1	0	0	0	-1	0	0	0	574	2	0	0	0	0	0	0	0
201	Двойное Кольцо 85BB	-1	0	State_BBRING2_Add	State_BBRING2_Rem	3	0	1	1	1	1	1	1	1	1	1	1	1	1	0	0	0	-1	0	0	0	576	2	0	0	0	0	0	0	0
202	Кольцо Охотника 85BB	-1	0	State_BBRING3_Add	State_BBRING3_Rem	3	0	1	1	1	1	1	1	1	1	1	1	1	1	0	0	0	-1	0	0	0	575	2	0	0	0	0	0	0	0
203	Кольцо Мореплавателя 85BB	-1	0	State_BBRING4_Add	State_BBRING4_Rem	3	0	1	1	1	1	1	1	1	1	1	1	1	1	0	0	0	-1	0	0	0	573	2	0	0	0	0	0	0	0
204	Кольцо Колдуньи 85BB	-1	0	State_BBRING5_Add	State_BBRING5_Rem	3	0	1	1	1	1	1	1	1	1	1	1	1	1	0	0	0	-1	0	0	0	572	2	0	0	0	0	0	0	0
205	Святое Кольцо 85BB	-1	0	State_BBRING6_Add	State_BBRING6_Rem	3	0	1	1	1	1	1	1	1	1	1	1	1	1	0	0	0	-1	0	0	0	577	2	0	0	0	0	0	0	0
206	Навигационный фонарь	-1	0	State_lantern_Add	State_lantern_Rem	1	0	1	1	1	1	1	1	1	1	1	1	1	1	0	0	0	-1	0	0	0	360	1	0	0	0	0	0	0	0
207	Зелье быстроты	-1	0	State_rapiddrug_Add	State_rapiddrug_Rem	1	0	1	1	1	1	1	1	1	1	1	1	1	1	0	0	0	-1	0	0	0	0	-1	0	0	0	0	0	0	0
208	Инъекция фанатика войны	-1	0	State_warsit_Add	State_warsit_Rem	1	0	1	1	1	1	1	1	1	1	1	1	1	1	0	0	0	-1	0	0	0	0	-1	0	0	0	0	0	0	0
209	Доспехи Дракона	-1	0	State_darkdress_Add	State_darkdress_Rem	1	0	1	1	1	1	1	1	1	1	1	1	1	1	0	0	0	-1	0	0	0	0	-1	0	0	0	0	0	0	0
210	Заколдованная Инъекция	-1	0	State_DEMON_Add	State_DEMON_Rem	1	0	1	1	1	1	1	1	1	1	1	1	1	1	0	0	0	-1	0	0	0	0	-1	0	0	0	0	0	0	0
211	Инъекция оболочки	-1	0	State_GREATSH_Add	State_GREATSH_Rem	1	0	1	1	1	1	1	1	1	1	1	1	1	1	0	0	0	-1	0	0	0	0	-1	0	0	0	0	0	0	0
212	Инъекция Исчезновения	-1	0	State_MIRAGE_Add	State_MIRAGE_Rem	1	0	1	1	1	1	1	1	1	1	1	1	1	1	0	0	0	-1	0	0	0	0	-1	0	0	0	0	0	0	0
213	Инъекция Точности	-1	0	State_DEVOTE_Add	State_DEVOTE_Rem	1	0	1	1	1	1	1	1	1	1	1	1	1	1	0	0	0	-1	0	0	0	0	-1	0	0	0	0	0	0	0
214	Изменение силы яда	-1	0	State_VIGOUR_Add	State_VIGOUR_Rem	1	0	1	1	1	1	1	1	1	1	1	1	1	1	0	0	0	-1	0	0	0	0	-1	0	0	0	0	0	0	0
215	Главный Парус Корабля	-1	0	State_SHIPDRIVE_Add	State_SHIPDRIVE_Rem	1	0	1	1	1	1	1	1	1	1	1	1	1	1	0	0	0	-1	0	0	0	0	-1	0	0	0	0	0	0	0
216	Защитная Палуба Корабля	-1	0	State_SHIPRECOVER_Add	State_SHIPRECOVER_Rem	1	0	1	1	1	1	1	1	1	1	1	1	1	1	0	0	0	-1	0	0	0	0	-1	0	0	0	0	0	0	0
217	Невозможно приговорить к тюремному заключению	-1	0	0	0	3	1	1	1	1	1	1	1	1	1	1	1	1	1	0	0	0	-1	0	0	0	0	-1	0	0	0	0	0	0	0
218	Сила духа	-1	0	STATE_XZDLL_Add	STATE_XZDLL_Rem	3	0	1	1	1	1	1	1	1	1	1	1	1	1	0	0	0	-1	0	0	0	578	2	0	0	0	0	0	0	0
219	Волшебная Книга Читана	-1	0	State_XTMFS_Add	State_XTMFS_Rem	1	0	1	1	1	1	1	1	1	1	1	1	1	1	0	0	0	-1	0	0	0	0	-1	0	0	0	0	0	0	0
220	Супер-меч Мойе	-1	0	State_MWMXJ_Add	State_MWMXJ_Rem	1	0	1	1	1	1	1	1	1	1	1	1	1	1	0	0	0	-1	0	0	0	0	-1	0	0	0	0	0	0	0
221	Щит Фенга	-1	0	State_FFJGD_Add	State_FFJGD_Rem	1	0	1	1	1	1	1	1	1	1	1	1	1	1	0	0	0	-1	0	0	0	0	-1	0	0	0	0	0	0	0
222	Зелье Невидимости Питера	-1	0	State_YSYS_Add	State_YSYS_Rem	1	0	1	1	1	1	1	1	1	1	0	1	1	1	0	0	0	-1	0	0	0	0	-1	0	0	0	0	0	0	0
223	Зелье невидимости Питера	-1	0	State_CD_Add	State_CD_Rem	1	0	1	1	1	1	1	1	1	1	1	1	1	1	0	0	0	-1	0	0	0	0	-1	0	0	0	0	0	0	0
224	Эффект ожерелья	-1	0	State_XLTX_Add	State_XLTX_Rem	1	0	1	1	1	1	1	1	1	1	1	1	1	1	0	0	0	-1	0	0	0	319	-1	0	0	0	0	0	0	0
225	Шок для Сердца	3	0	State_XLZD_Add	0	3	0	1	1	1	1	1	1	1	1	1	1	1	1	0	0	0	-1	0	0	0	0	0	0	0	0	0	0	0	0
227	100% успешности Ковки	-1	0	0	0	1	0	1	1	1	1	1	1	1	1	1	1	1	1	0	0	0	-1	0	0	0	0	-1	0	0	0	0	0	0	0
228	100% успешности комбинирования	-1	0	0	0	1	0	1	1	1	1	1	1	1	1	1	1	1	1	0	0	0	-1	0	0	0	0	-1	0	0	0	0	0	0	0
229	Набор ВВ 95 ур	-1	0	0	0	3	0	1	1	1	1	1	1	1	1	1	1	1	1	0	0	0	-1	0	0	0	583	-1	0	0	0	0	0	0	0
230	Сила Любви	-1	0	State_LOVE_Add	State_LOVE_Rem	3	0	1	1	1	1	1	1	1	1	1	1	1	1	0	0	0	-1	0	0	0	807	1	0	0	0	0	0	0	0